8702, 
11049, 
8702, 
11050, 11048, 
8701, 8703, 
11050, 11048, 
8701, 8703, 
11051, 11048, 11052, 
8701, 8703, 
11048, 11047, 11052, 
8701, 8703, 
11047, 11052, 
8703, 8700, 
11047, 11052, 
8700, 8704, 
11047, 11052, 
8700, 8704, 
8640, 11052, 11046, 
8700, 8704, 
11052, 8650, 11046, 8648, 
8700, 8704, 
8650, 11053, 11046, 8648, 
8752, 8704, 8699, 
8650, 11053, 11046, 8648, 
8753, 8751, 8704, 8699, 
8650, 11053, 11046, 8648, 
8753, 8751, 8704, 8699, 
8651, 11053, 11046, 8648, 8649, 
8753, 8751, 8704, 8699, 
11053, 8652, 11046, 8648, 8649, 11043, 
8753, 8751, 8704, 8699, 
11054, 8652, 11046, 8648, 8649, 11043, 
8753, 8751, 8704, 8699, 
8652, 11046, 11055, 8648, 8649, 11043, 
8753, 8751, 8704, 8699, 
8660, 11046, 11055, 8648, 8649, 8653, 11043, 
8754, 8751, 8704, 8746, 8699, 
8660, 11046, 11055, 8648, 8649, 8653, 11043, 
8751, 8704, 8755, 8746, 8672, 8699, 
8660, 11046, 11055, 8648, 8649, 8653, 11043, 
8704, 8750, 8755, 8746, 8672, 8699, 8674, 
8660, 11046, 11055, 8648, 8649, 8653, 11043, 
8750, 8755, 8746, 8672, 8705, 8699, 8673, 8674, 
8660, 11046, 11055, 8648, 8649, 8653, 11043, 
8755, 8746, 8672, 8705, 8749, 8699, 8673, 8674, 
8660, 11046, 11055, 8648, 8649, 8653, 11043, 
8755, 8746, 8672, 8705, 8749, 8699, 8673, 8674, 
11046, 11055, 8648, 8661, 8649, 8659, 8653, 11043, 
8755, 8746, 8672, 8705, 8749, 8699, 8673, 8674, 
11055, 8648, 8661, 11045, 8649, 8659, 8653, 11043, 
8755, 8746, 8672, 8705, 8749, 8699, 8673, 8674, 
8648, 8661, 11045, 8647, 11056, 8649, 8659, 8653, 11043, 10008, 
8755, 8746, 8672, 8705, 8749, 8699, 8673, 8674, 
8661, 11045, 8649, 8647, 11056, 8659, 8653, 11043, 10008, 
8756, 8746, 8672, 8705, 8749, 8699, 8673, 8674, 
8661, 11045, 8649, 8647, 11056, 8659, 8653, 11043, 10008, 
8746, 8672, 8716, 8705, 8749, 8699, 8673, 8674, 
8661, 11045, 8649, 8647, 11056, 8659, 8653, 11043, 10008, 
8672, 8716, 8705, 8749, 8699, 8673, 8747, 8674, 
8661, 11045, 8649, 8647, 11056, 8659, 8653, 11043, 10008, 
8671, 8716, 8705, 8749, 8699, 8673, 8747, 8674, 
8661, 11045, 8649, 8647, 11056, 8659, 8653, 11043, 10008, 
8716, 8705, 8762, 8749, 8699, 8673, 8747, 8674, 
8661, 11045, 8649, 8647, 11056, 8659, 8653, 11043, 10008, 
8705, 8762, 8749, 8717, 8699, 8673, 8747, 8674, 
8661, 11045, 8649, 8647, 11056, 8659, 8653, 11043, 10008, 
8762, 8749, 8717, 8699, 8673, 8747, 8674, 8707, 8706, 
8661, 11045, 8649, 8647, 11056, 8659, 8653, 11043, 10008, 
8749, 8761, 8717, 8699, 8673, 8763, 8747, 8674, 8707, 8706, 
8661, 11045, 8649, 8647, 11056, 8659, 8653, 11043, 10008, 
8761, 8717, 8748, 8699, 8673, 8763, 8747, 8674, 8707, 8706, 
8661, 11045, 8649, 8647, 11056, 8659, 8653, 11043, 10008, 
8725, 8717, 8748, 8699, 8673, 8763, 8747, 8674, 8707, 8706, 
8661, 11045, 8649, 8647, 11056, 8659, 8653, 11043, 10008, 
8725, 8717, 8748, 8699, 8673, 8763, 8747, 8674, 8707, 8706, 
11045, 8649, 8662, 8647, 11056, 8659, 8653, 11043, 10008, 
8725, 8717, 8748, 8699, 8673, 8763, 8747, 8674, 8707, 8706, 
8649, 8662, 8647, 11056, 11044, 8659, 8653, 11043, 10008, 
8725, 8717, 8748, 8699, 8673, 8763, 8747, 8674, 8707, 8706, 
8662, 8647, 11056, 8641, 11044, 8659, 8653, 11043, 10008, 
8724, 8717, 8748, 8699, 8673, 8763, 8747, 8674, 8707, 8706, 
8662, 8647, 11056, 8641, 11044, 8659, 8653, 11043, 10008, 
8717, 8748, 8699, 8673, 8763, 8747, 8674, 8707, 8706, 
8662, 8647, 11056, 8641, 11044, 8659, 8653, 11043, 10008, 
8748, 8735, 8699, 8673, 8763, 8747, 8674, 8711, 8707, 8706, 
8662, 8647, 11056, 8641, 11044, 8659, 8653, 11043, 10008, 
8735, 8699, 8673, 8747, 8763, 8706, 8674, 8711, 8707, 
8662, 8647, 11056, 8641, 11044, 8659, 8653, 11043, 10008, 
8699, 8734, 8673, 8747, 8763, 8706, 8674, 8711, 8707, 8736, 
8662, 8647, 11056, 8641, 11044, 8659, 8653, 11043, 10008, 
8734, 8673, 8747, 8763, 8706, 8674, 8711, 8707, 8736, 
8662, 8647, 11056, 8641, 11044, 8659, 8653, 11043, 10008, 
8734, 8673, 8747, 8763, 8706, 8674, 8711, 8707, 8736, 
8647, 11056, 8785, 8641, 11044, 8659, 8663, 8653, 11043, 10008, 
8734, 8673, 8747, 8763, 8706, 8674, 8711, 8707, 8736, 
11056, 8785, 8641, 11044, 8646, 8659, 8663, 8653, 11043, 10008, 
8734, 8673, 8747, 8763, 8706, 8674, 8711, 8707, 8736, 
8785, 8641, 11044, 8646, 8659, 8663, 8653, 11057, 11043, 10008, 
8673, 8747, 8731, 8763, 8706, 8674, 8711, 8707, 8736, 
8785, 8641, 11044, 8646, 8659, 8663, 8653, 11057, 11043, 10008, 
8747, 8731, 8763, 8706, 8674, 8711, 8707, 8736, 
8785, 8641, 11044, 8646, 8659, 8663, 8653, 11057, 11043, 10008, 
8731, 8763, 8706, 8745, 8674, 8711, 8707, 8736, 
8785, 8641, 11044, 8646, 8659, 8663, 8653, 11057, 11043, 10008, 
8763, 8730, 8732, 8706, 8745, 8674, 8711, 8707, 8736, 
8785, 8641, 11044, 8646, 8659, 8663, 8653, 11057, 11043, 10008, 
8730, 8732, 8695, 8706, 8745, 8674, 8711, 8707, 8736, 
8785, 8641, 11044, 8646, 8659, 8663, 8653, 11057, 11043, 10008, 
8732, 8695, 8706, 8745, 8674, 8711, 8707, 8736, 8839, 
8785, 8641, 11044, 8646, 8659, 8663, 8653, 11057, 11043, 10008, 
8695, 8706, 8745, 8733, 8674, 8711, 8707, 8736, 8839, 
8785, 8641, 11044, 8646, 8659, 8663, 8653, 11057, 11043, 10008, 
8706, 8745, 8733, 8696, 8674, 8711, 8707, 8736, 8839, 
8785, 8641, 11044, 8646, 8659, 8663, 8653, 11057, 11043, 10008, 
8745, 8733, 8696, 8674, 8711, 8707, 8736, 8839, 8744, 
8785, 8641, 11044, 8646, 8659, 8663, 8653, 11057, 11043, 10008, 
8733, 8696, 8674, 8711, 8707, 8736, 8839, 8744, 8710, 
8785, 8641, 11044, 8646, 8659, 8663, 8653, 11057, 11043, 10008, 
8696, 8674, 8711, 8707, 8736, 8839, 8744, 8710, 
8785, 8641, 11044, 8646, 8659, 8663, 8653, 11057, 11043, 10008, 
8674, 8711, 8707, 8736, 8839, 8744, 8710, 8694, 
8785, 8641, 11044, 8646, 8659, 8663, 8653, 11057, 11043, 10008, 
8711, 8707, 8736, 8839, 8744, 8710, 8694, 
8785, 8641, 11044, 8646, 8659, 8663, 8653, 11057, 11043, 10008, 
8707, 8736, 8839, 8737, 8744, 8710, 8694, 
8785, 8641, 11044, 8646, 8659, 8663, 8653, 11057, 11043, 10008, 
8736, 8839, 8737, 8744, 8710, 8694, 
8785, 8641, 11044, 8646, 8659, 8663, 8653, 11057, 11043, 10008, 
8839, 8737, 8744, 8710, 8694, 
8785, 8641, 11044, 8646, 8659, 8663, 8653, 11057, 11043, 10008, 
8737, 8838, 8744, 8710, 8694, 
8785, 8641, 11044, 8646, 8659, 8663, 8653, 11057, 11043, 10008, 
8838, 8744, 8710, 8694, 
8785, 8641, 11044, 8646, 8659, 8663, 8653, 11057, 11043, 10008, 
8838, 8744, 8710, 8694, 
8784, 8786, 8641, 11044, 8646, 8659, 8663, 8653, 11057, 11043, 10008, 
8744, 8710, 8837, 8694, 
8784, 8786, 8641, 11044, 8646, 8659, 8663, 8653, 11057, 11043, 10008, 
8710, 8837, 8694, 
8784, 8786, 8641, 11044, 8646, 8659, 8663, 8653, 11057, 11043, 10008, 
8837, 8714, 8694, 
8784, 8786, 8641, 11044, 8646, 8659, 8663, 8653, 11057, 11043, 10008, 
8836, 8714, 8694, 
8784, 8786, 8641, 11044, 8646, 8659, 8663, 8653, 11057, 11043, 10008, 
8714, 8694, 8844, 
8784, 8786, 8641, 11044, 8646, 8659, 8663, 8653, 11057, 11043, 10008, 
8713, 8694, 8844, 
8784, 8786, 8641, 11044, 8646, 8659, 8663, 8653, 11057, 11043, 10008, 
8694, 8712, 8844, 
8784, 8786, 8641, 11044, 8646, 8659, 8663, 8653, 11057, 11043, 10008, 
8712, 8844, 8770, 8693, 
8784, 8786, 8641, 11044, 8646, 8659, 8663, 8653, 11057, 11043, 10008, 
8844, 8770, 8693, 
8784, 8786, 8641, 11044, 8646, 8659, 8663, 8653, 11057, 11043, 10008, 
8844, 8770, 8693, 
8786, 8641, 11044, 8646, 8783, 8659, 8663, 8653, 11057, 11043, 10008, 8664, 
8844, 8770, 8693, 
8641, 11044, 8646, 8783, 8659, 8663, 8653, 11057, 11043, 10008, 8787, 8793, 8664, 
8844, 8770, 8693, 
11044, 8654, 8646, 8783, 8659, 8663, 8653, 11057, 11043, 10008, 8642, 8787, 8793, 8664, 
8844, 8770, 8693, 
8654, 11043, 8646, 8783, 8659, 8663, 8653, 11057, 10024, 10008, 8642, 8787, 8793, 8664, 
8844, 8770, 8693, 
11043, 8646, 8783, 8659, 8653, 8663, 11057, 10024, 10008, 8642, 8787, 8793, 8664, 
8844, 8770, 8693, 
8646, 8783, 8659, 8653, 8663, 11057, 10024, 10008, 8642, 11042, 8787, 8793, 8664, 
8844, 8770, 8693, 
8783, 8659, 8653, 8663, 8642, 11057, 10024, 10008, 8645, 11042, 8787, 8793, 8664, 
8845, 8770, 8693, 
8783, 8659, 8653, 8663, 8642, 11057, 10024, 10008, 8645, 11042, 8787, 8793, 8664, 
3816, 8770, 8846, 8693, 
8783, 8659, 8653, 8663, 8642, 11057, 10024, 10008, 8645, 11042, 8787, 8793, 8664, 
3817, 8770, 8846, 8693, 
8783, 8659, 8653, 8663, 8642, 11057, 10024, 10008, 8645, 11042, 8787, 8793, 8664, 
8770, 3818, 8846, 8693, 8811, 
8783, 8659, 8653, 8663, 8642, 11057, 10024, 10008, 8645, 11042, 8787, 8793, 8664, 
3818, 8846, 8693, 8771, 8811, 
8783, 8659, 8653, 8663, 8642, 11057, 10024, 10008, 8645, 11042, 8787, 8793, 8664, 
8804, 8846, 8693, 8771, 8811, 
8783, 8659, 8653, 8663, 8642, 11057, 10024, 10008, 8645, 11042, 8787, 8793, 8664, 
8804, 8846, 8693, 8771, 8811, 
8659, 8653, 8663, 8642, 11057, 10024, 8782, 10008, 8645, 11042, 8787, 8793, 8664, 
8804, 8846, 8693, 8771, 8811, 
8653, 8663, 8642, 11057, 10024, 8782, 10008, 8645, 11042, 8787, 8793, 8664, 
8804, 8846, 8693, 8771, 8811, 
8663, 8642, 11057, 10024, 8782, 10008, 8645, 11042, 8787, 8793, 8664, 
8804, 8846, 8693, 8771, 8811, 
8642, 11057, 10024, 8664, 8782, 10008, 8645, 11042, 8787, 8793, 
8804, 8846, 8693, 8771, 8811, 
11057, 10024, 8664, 8782, 10008, 8645, 11042, 8787, 8793, 
8804, 8846, 8693, 8771, 8811, 
10024, 8664, 8782, 10008, 11058, 8645, 11042, 8787, 8793, 
8804, 8846, 8693, 8771, 8811, 
8664, 11041, 8782, 10008, 11058, 10025, 8645, 11042, 8787, 8793, 
8804, 8846, 8693, 8771, 8811, 
11041, 8782, 10008, 11058, 10025, 8645, 11042, 8787, 8793, 8628, 
8804, 8846, 8693, 8771, 8811, 
8782, 11042, 10008, 11040, 11058, 10025, 8645, 8787, 8793, 8628, 
8846, 8693, 8805, 8809, 8771, 8811, 
8782, 11042, 10008, 11040, 11058, 10025, 8645, 8787, 8793, 8628, 
8693, 8805, 8809, 8771, 8811, 8847, 
8782, 11042, 10008, 11040, 11058, 10025, 8645, 8787, 8793, 8628, 
8805, 8809, 8771, 8811, 8847, 
8782, 11042, 10008, 11040, 11058, 10025, 8645, 8787, 8793, 8628, 
8809, 8771, 8806, 8811, 8847, 
8782, 11042, 10008, 11040, 11058, 10025, 8645, 8787, 8793, 8628, 
8771, 8806, 8811, 8810, 8847, 
8782, 11042, 10008, 11040, 11058, 10025, 8645, 8787, 8793, 8628, 
8772, 8806, 8811, 8810, 8847, 
8782, 11042, 10008, 11040, 11058, 10025, 8645, 8787, 8793, 8628, 
8806, 8670, 8811, 8810, 8847, 
8782, 11042, 10008, 11040, 11058, 10025, 8645, 8787, 8793, 8628, 
8806, 8670, 8811, 8810, 8847, 
11042, 10008, 11040, 11058, 10025, 8645, 8787, 8793, 8628, 
8806, 8670, 8811, 8810, 8847, 
10008, 11033, 11040, 11058, 10025, 8645, 8787, 8793, 8628, 
8806, 8670, 8811, 8810, 8847, 
11033, 10007, 10009, 11040, 11058, 10025, 8645, 8787, 8793, 8628, 
8806, 8670, 8811, 8810, 8847, 
10007, 10009, 11040, 11058, 11034, 10025, 8645, 8787, 8793, 8628, 
8806, 8670, 8811, 8810, 8847, 
10009, 11040, 11058, 11034, 10025, 8645, 8787, 8793, 8628, 
8806, 8670, 8811, 8810, 8847, 
11040, 11058, 11034, 10010, 10025, 8645, 8787, 8793, 8628, 
8806, 8670, 8811, 8810, 8847, 
11058, 11034, 10010, 10025, 8645, 8787, 8793, 10033, 8628, 
8806, 8670, 8811, 8810, 8847, 
11059, 11034, 10010, 10025, 8645, 8787, 8793, 10033, 8628, 
8806, 8670, 8811, 8810, 8847, 
11034, 10010, 8644, 10025, 8645, 8787, 8793, 10033, 8628, 
8806, 8670, 8811, 8810, 8847, 
10010, 8644, 10025, 8645, 8787, 8793, 11032, 10033, 8628, 
8806, 8670, 8811, 8810, 8847, 
8644, 10025, 8645, 10011, 8787, 8793, 11032, 10033, 8628, 
8806, 8670, 8811, 8810, 8847, 
10025, 8645, 10011, 8787, 8793, 8643, 11032, 10033, 8628, 
8806, 8670, 8811, 8810, 8847, 
8645, 10026, 10011, 8787, 8793, 8643, 11032, 10033, 8628, 
8806, 8670, 8811, 8810, 8847, 
10026, 10011, 8787, 8793, 8643, 11032, 10033, 8628, 
8806, 8670, 8811, 8810, 8847, 
10011, 8787, 10028, 8793, 8643, 11032, 10033, 8628, 
8806, 8670, 8811, 8810, 8847, 
8787, 10028, 10012, 8793, 8643, 11032, 10033, 8628, 
8670, 8807, 8811, 8810, 8847, 
8787, 10028, 10012, 8793, 8643, 11032, 10033, 8628, 
8807, 8775, 8811, 8810, 8847, 
8787, 10028, 10012, 8793, 8643, 11032, 10033, 8628, 
8775, 8811, 8799, 8810, 8847, 8788, 8808, 
8787, 10028, 10012, 8793, 8643, 11032, 10033, 8628, 
8776, 8811, 8799, 8810, 8847, 8788, 8808, 
8787, 10028, 10012, 8793, 8643, 11032, 10033, 8628, 
8777, 8811, 8799, 8810, 8847, 8788, 8808, 
8787, 10028, 10012, 8793, 8643, 11032, 10033, 8628, 
8811, 8799, 8778, 8810, 8847, 8788, 8808, 
8787, 10028, 10012, 8793, 8643, 11032, 10033, 8628, 
8799, 8778, 8810, 8847, 8788, 8812, 8808, 
8787, 10028, 10012, 8793, 8643, 11032, 10033, 8628, 
8778, 8798, 8810, 8847, 8788, 8812, 8808, 
8787, 10028, 10012, 8793, 8643, 11032, 10033, 8628, 
8779, 8798, 8810, 8847, 8788, 8812, 8808, 
8787, 10028, 10012, 8793, 8643, 11032, 10033, 8628, 
8798, 8780, 8810, 8847, 8788, 8816, 8812, 8808, 
8787, 10028, 10012, 8793, 8643, 11032, 10033, 8628, 
8798, 8780, 8810, 8847, 8788, 8816, 8812, 8808, 
10028, 10012, 8788, 8793, 8643, 11032, 10033, 8628, 
8798, 8780, 8810, 8847, 8788, 8816, 8812, 8808, 
10012, 10029, 8788, 8793, 8643, 11032, 10033, 8628, 
8798, 8780, 8810, 8847, 8788, 8816, 8812, 8808, 
10046, 10029, 8788, 8793, 8643, 11032, 10033, 8628, 
8798, 8780, 8810, 8847, 8788, 8816, 8812, 8808, 
10029, 8788, 8793, 8643, 11032, 10033, 10045, 8628, 
8798, 8780, 8810, 8847, 8788, 8816, 8812, 8808, 
8788, 8793, 10030, 8643, 11032, 10033, 10045, 8628, 
8798, 8780, 8810, 8847, 8788, 8816, 8812, 8808, 
8793, 10030, 8643, 11032, 10033, 8807, 10045, 8628, 8789, 
