8702, 
11049, 
8702, 
11050, 11048, 
8701, 8703, 
11050, 11048, 
8701, 8703, 
11051, 11048, 11052, 
8701, 8703, 
11048, 11047, 11052, 3768, 
8701, 8703, 
11047, 11052, 3768, 
8703, 8700, 
11047, 11052, 3768, 
8700, 8704, 
11047, 11052, 3768, 
8700, 8704, 
8640, 11052, 11046, 3768, 
8700, 8704, 
11052, 8650, 11046, 8648, 3768, 
8700, 8704, 
8650, 11053, 3768, 11046, 8648, 
8752, 8704, 8699, 
8650, 11053, 3768, 11046, 8648, 
8753, 8751, 8704, 8699, 
8650, 11053, 3768, 11046, 8648, 
8753, 8751, 8704, 8699, 
8651, 11053, 3768, 11046, 8648, 8649, 
8753, 8751, 8704, 8699, 
11053, 3768, 8652, 11046, 8648, 8649, 11043, 
8753, 8751, 8704, 8699, 
11054, 3768, 8652, 11046, 8648, 8649, 11043, 
8753, 8751, 8704, 8699, 
3768, 8652, 11046, 11055, 8648, 8649, 11043, 
8753, 8751, 8704, 8699, 
8652, 11046, 11055, 8648, 8649, 11043, 
8753, 8751, 8704, 8699, 
8660, 11046, 11055, 8648, 8649, 8653, 11043, 
8754, 8751, 8704, 8746, 8699, 
8660, 11046, 11055, 8648, 8649, 8653, 11043, 
8751, 8704, 8755, 8746, 8672, 8699, 
8660, 11046, 11055, 8648, 8649, 8653, 11043, 
8704, 8750, 8755, 8746, 8672, 8699, 8674, 
8660, 11046, 11055, 8648, 8649, 8653, 11043, 
8750, 8755, 8746, 8672, 8705, 8699, 8673, 8674, 
8660, 11046, 11055, 8648, 8649, 8653, 11043, 
8755, 8746, 8672, 8705, 8749, 8699, 8673, 8674, 
8660, 11046, 11055, 8648, 8649, 8653, 11043, 
8755, 8746, 8672, 8705, 8749, 8699, 8673, 8674, 
11046, 11055, 8648, 8661, 8649, 8659, 8653, 11043, 
8755, 8746, 8672, 8705, 8749, 8699, 8673, 8674, 
11055, 8648, 8661, 11045, 8649, 8659, 8653, 11043, 
8755, 8746, 8672, 8705, 8749, 8699, 8673, 8674, 
8648, 8661, 11045, 8647, 11056, 8649, 8659, 8653, 11043, 10008, 
8755, 8746, 8672, 8705, 8749, 8699, 8673, 8674, 
8661, 11045, 8649, 8647, 11056, 8659, 8653, 11043, 10008, 
8756, 8746, 8672, 8705, 8749, 8758, 8699, 8673, 8715, 8674, 
8661, 11045, 8649, 8647, 11056, 8659, 8653, 11043, 10008, 
8746, 8672, 8716, 8705, 8749, 8758, 8699, 8673, 8757, 8715, 8674, 
8661, 11045, 8649, 8647, 11056, 8659, 8653, 11043, 10008, 
8672, 8716, 8705, 8749, 8758, 8699, 8673, 8757, 8747, 8715, 8674, 
8661, 11045, 8649, 8647, 11056, 8659, 8653, 11043, 10008, 
8671, 8716, 8705, 8749, 8759, 8758, 8699, 8673, 8757, 8747, 8715, 8674, 
8661, 11045, 8649, 8647, 11056, 8659, 8653, 11043, 10008, 
8716, 8705, 8762, 8749, 8759, 8758, 8699, 8673, 8757, 8747, 8715, 8674, 
8661, 11045, 8649, 8647, 11056, 8659, 8653, 11043, 10008, 
8705, 8762, 8749, 8759, 8758, 8717, 8699, 8673, 8757, 8747, 8715, 8674, 
8661, 11045, 8649, 8647, 11056, 8659, 8653, 11043, 10008, 
8762, 8749, 8759, 8758, 8717, 8699, 8673, 8757, 8747, 8715, 8674, 8707, 8706, 
8661, 11045, 8649, 8647, 11056, 8659, 8653, 11043, 10008, 
8749, 8759, 8761, 8758, 8717, 8699, 8673, 8757, 8763, 8747, 8715, 8674, 8707, 8706, 
8661, 11045, 8649, 8647, 11056, 8659, 8653, 11043, 10008, 
8759, 8761, 8758, 8717, 8748, 8699, 8673, 8757, 8763, 8747, 8715, 8674, 8707, 8706, 
8661, 11045, 8649, 8647, 11056, 8659, 8653, 11043, 10008, 
8761, 8760, 8758, 8717, 8748, 8699, 8673, 8757, 8763, 8747, 8715, 8674, 8707, 8706, 
8661, 11045, 8649, 8647, 11056, 8659, 8653, 11043, 10008, 
8760, 8725, 8758, 8717, 8748, 8699, 8673, 8757, 8763, 8747, 8715, 8674, 8707, 8706, 
8661, 11045, 8649, 8647, 11056, 8659, 8653, 11043, 10008, 
8725, 8758, 8717, 8748, 8699, 8673, 8757, 8720, 8763, 8747, 8715, 8674, 8707, 8706, 
8661, 11045, 8649, 8647, 11056, 8659, 8653, 11043, 10008, 
8725, 8758, 8717, 8748, 8699, 8673, 8757, 8720, 8763, 8747, 8715, 8674, 8707, 8706, 
11045, 8649, 8662, 8647, 11056, 8659, 8653, 11043, 10008, 
8725, 8758, 8717, 8748, 8699, 8673, 8757, 8720, 8763, 8747, 8715, 8674, 8707, 8706, 
8649, 8662, 8647, 11056, 11044, 8659, 8653, 11043, 10008, 
8725, 8758, 8717, 8748, 8699, 8673, 8757, 8720, 8763, 8747, 8715, 8674, 8707, 8706, 
8662, 8647, 11056, 8641, 11044, 8659, 8653, 11043, 10008, 
8758, 8724, 8717, 8748, 8699, 8673, 8757, 8720, 8763, 8721, 8747, 8715, 8674, 8707, 8706, 8726, 
8662, 8647, 11056, 8641, 11044, 8659, 8653, 11043, 10008, 
8724, 8717, 8748, 8699, 8673, 8757, 8720, 8763, 8721, 8747, 8715, 8674, 8707, 8706, 8726, 
8662, 8647, 11056, 8641, 11044, 8659, 8653, 11043, 10008, 
8717, 8748, 8699, 8673, 8757, 8720, 8763, 8721, 8747, 8723, 8715, 8674, 8707, 8728, 8706, 8726, 
8662, 8647, 11056, 8641, 11044, 8659, 8653, 11043, 10008, 
8748, 8735, 8699, 8673, 8757, 8720, 8763, 8721, 8718, 8747, 8723, 8715, 8674, 8711, 8707, 8728, 8706, 8726, 
8662, 8647, 11056, 8641, 11044, 8659, 8653, 11043, 10008, 
8735, 8699, 8673, 8757, 8720, 8747, 8763, 8721, 8718, 8723, 8706, 8715, 8674, 8711, 8707, 8728, 8726, 
8662, 8647, 11056, 8641, 11044, 8659, 8653, 11043, 10008, 
8699, 8734, 8673, 8757, 8720, 8747, 8763, 8721, 8718, 8723, 8706, 8715, 8674, 8711, 8707, 8736, 8728, 8726, 
8662, 8647, 11056, 8641, 11044, 8659, 8653, 11043, 10008, 
8734, 8673, 8757, 8720, 8747, 8763, 8721, 8718, 8723, 8706, 8715, 8674, 8711, 8707, 8736, 8728, 8726, 
8662, 8647, 11056, 8641, 11044, 8659, 8653, 11043, 10008, 
8734, 8673, 8757, 8720, 8747, 8763, 8721, 8718, 8723, 8706, 8715, 8674, 8711, 8707, 8736, 8728, 8726, 
8647, 11056, 8785, 8641, 11044, 8659, 8663, 8653, 11043, 10008, 
8734, 8673, 8757, 8720, 8747, 8763, 8721, 8718, 8723, 8706, 8715, 8674, 8711, 8707, 8736, 8728, 8726, 
11056, 8785, 8641, 11044, 8646, 8659, 8663, 8653, 11043, 10008, 
8734, 8673, 8757, 8720, 8747, 8763, 8721, 8718, 8723, 8706, 8715, 8674, 8711, 8707, 8736, 8728, 8726, 
8785, 8641, 11044, 8646, 8659, 8663, 8653, 11057, 11043, 10008, 
8673, 8757, 8720, 8747, 8731, 8763, 8721, 8718, 8723, 8706, 8715, 8674, 8711, 8707, 8736, 8728, 8726, 
8785, 8641, 11044, 8646, 8659, 8663, 8653, 11057, 11043, 10008, 
8757, 8720, 8747, 8731, 8763, 8721, 8718, 8723, 8706, 8715, 8674, 8711, 8707, 8736, 8728, 8726, 
8785, 8641, 11044, 8646, 8659, 8663, 8653, 11057, 11043, 10008, 
8720, 8747, 8731, 8763, 8721, 8718, 8719, 8723, 8706, 8715, 8674, 8711, 8707, 8736, 8728, 8726, 
8785, 8641, 11044, 8646, 8659, 8663, 8653, 11057, 11043, 10008, 
8747, 8731, 8763, 8721, 8718, 8726, 8719, 8723, 8706, 8715, 8674, 8711, 8707, 8736, 8728, 
8785, 8641, 11044, 8646, 8659, 8663, 8653, 11057, 11043, 10008, 
8731, 8763, 8721, 8718, 8726, 8719, 8723, 8706, 8745, 8715, 8674, 8711, 8707, 8736, 8728, 
8785, 8641, 11044, 8646, 8659, 8663, 8653, 11057, 11043, 10008, 
8763, 8721, 8718, 8730, 8726, 8732, 8719, 8723, 8706, 8745, 8715, 8674, 8711, 8707, 8736, 8728, 
8785, 8641, 11044, 8646, 8659, 8663, 8653, 11057, 11043, 10008, 
8721, 8718, 8730, 8726, 8732, 8764, 8719, 8723, 8695, 8706, 8745, 8715, 8674, 8711, 8707, 8736, 8728, 
8785, 8641, 11044, 8646, 8659, 8663, 8653, 11057, 11043, 10008, 
8718, 8730, 8726, 8732, 8764, 8719, 8723, 8695, 8706, 8745, 8715, 8674, 8711, 8707, 8736, 8728, 
8785, 8641, 11044, 8646, 8659, 8663, 8653, 11057, 11043, 10008, 
8730, 8726, 8732, 8764, 8719, 8723, 8695, 8706, 8745, 8715, 8727, 8674, 8711, 8707, 8736, 8728, 
8785, 8641, 11044, 8646, 8659, 8663, 8653, 11057, 11043, 10008, 
8726, 8732, 8764, 8719, 8723, 8695, 8706, 8745, 8715, 8727, 8674, 8711, 8707, 8736, 8728, 8839, 8830, 
8785, 8641, 11044, 8646, 8659, 8663, 8653, 11057, 11043, 10008, 
8732, 8764, 8719, 8723, 8695, 8706, 8745, 8715, 8727, 8674, 8711, 8707, 8736, 8728, 8839, 8830, 
8785, 8641, 11044, 8646, 8659, 8663, 8653, 11057, 11043, 10008, 
8764, 8719, 8723, 8695, 8706, 8745, 8715, 8727, 8733, 8674, 8711, 8707, 8736, 8728, 8839, 8729, 8830, 
8785, 8641, 11044, 8646, 8659, 8663, 8653, 11057, 11043, 10008, 
8719, 8723, 8695, 8706, 8765, 8745, 8715, 8727, 8733, 8674, 8711, 8707, 8736, 8728, 8839, 8729, 8830, 
8785, 8641, 11044, 8646, 8659, 8663, 8653, 11057, 11043, 10008, 
8723, 8695, 8706, 8765, 8745, 8715, 8727, 8733, 8674, 8711, 8707, 8736, 8728, 8839, 8729, 8830, 
8785, 8641, 11044, 8646, 8659, 8663, 8653, 11057, 11043, 10008, 
8828, 8695, 8706, 8765, 8745, 8715, 8727, 8733, 8674, 8722, 8711, 8707, 8736, 8728, 8839, 8729, 8830, 
8785, 8641, 11044, 8646, 8659, 8663, 8653, 11057, 11043, 10008, 
8695, 8827, 8706, 8765, 8745, 8715, 8727, 8733, 8674, 8722, 8711, 8707, 8736, 8728, 8839, 8729, 8829, 8830, 
8785, 8641, 11044, 8646, 8659, 8663, 8653, 11057, 11043, 10008, 
8827, 8706, 8765, 8745, 8715, 8727, 8733, 8696, 8674, 8722, 8711, 8707, 8736, 8728, 8839, 8729, 8829, 8830, 
8785, 8641, 11044, 8646, 8659, 8663, 8653, 11057, 11043, 10008, 
8706, 8765, 8745, 8715, 8727, 8733, 8696, 8674, 8826, 8722, 8711, 8707, 8736, 8728, 8839, 8729, 8829, 8830, 
8785, 8641, 11044, 8646, 8659, 8663, 8653, 11057, 11043, 10008, 
8765, 8745, 8715, 8727, 8733, 8696, 8674, 8826, 8722, 8711, 8707, 8736, 8728, 8839, 8744, 8729, 8829, 8830, 
8785, 8641, 11044, 8646, 8659, 8663, 8653, 11057, 11043, 10008, 
8745, 8715, 8727, 8767, 8733, 8696, 8674, 8722, 8826, 8711, 8707, 8736, 8728, 8839, 8744, 8729, 8829, 8830, 
8785, 8641, 11044, 8646, 8659, 8663, 8653, 11057, 11043, 10008, 
8715, 8727, 8767, 8733, 8696, 8674, 8722, 8826, 8711, 8707, 8736, 8728, 8839, 8744, 8710, 8729, 8829, 8830, 
8785, 8641, 11044, 8646, 8659, 8663, 8653, 11057, 11043, 10008, 
8727, 8767, 8733, 8696, 8674, 8722, 8826, 8711, 8707, 8736, 8728, 8839, 8744, 8710, 8729, 8829, 8830, 8714, 
8785, 8641, 11044, 8646, 8659, 8663, 8653, 11057, 11043, 10008, 
8767, 8733, 8696, 8674, 8722, 8826, 8711, 8707, 8736, 8728, 8839, 8744, 8710, 8729, 8829, 8830, 8714, 
8785, 8641, 11044, 8646, 8659, 8663, 8653, 11057, 11043, 10008, 
8733, 8696, 8674, 8722, 8826, 8711, 8707, 8736, 8728, 8839, 8744, 8710, 8729, 8829, 8766, 8830, 8714, 8768, 
8785, 8641, 11044, 8646, 8659, 8663, 8653, 11057, 11043, 10008, 
8696, 8674, 8722, 8826, 8711, 8707, 8736, 8728, 8839, 8744, 8710, 8729, 8829, 8766, 8830, 8714, 8768, 
8785, 8641, 11044, 8646, 8659, 8663, 8653, 11057, 11043, 10008, 
8674, 8722, 8826, 8711, 8707, 8736, 8728, 8839, 8744, 8710, 8729, 8829, 8766, 8694, 8830, 8714, 8697, 8768, 
8785, 8641, 11044, 8646, 8659, 8663, 8653, 11057, 11043, 10008, 
8722, 8826, 8711, 8707, 8736, 8728, 8839, 8744, 8710, 8729, 8829, 8766, 8694, 8830, 8714, 8697, 8675, 8768, 
8785, 8641, 11044, 8646, 8659, 8663, 8653, 11057, 11043, 10008, 
8826, 8711, 8707, 8736, 8728, 8839, 8744, 8710, 8729, 8823, 8829, 8766, 8694, 8830, 8714, 8697, 8675, 8768, 
8785, 8641, 11044, 8646, 8659, 8663, 8653, 11057, 11043, 10008, 
8826, 8711, 8707, 8736, 8728, 8839, 8744, 8710, 8729, 8823, 8829, 8766, 8694, 8830, 8714, 8697, 8675, 8768, 
8784, 8786, 8641, 11044, 8646, 8659, 8663, 8653, 11057, 11043, 10008, 
8825, 8711, 8707, 8736, 8728, 8839, 8744, 8710, 8729, 8823, 8829, 8766, 8694, 8830, 8714, 8697, 8833, 8675, 8768, 
8784, 8786, 8641, 11044, 8646, 8659, 8663, 8653, 11057, 11043, 10008, 
8711, 8707, 8736, 8728, 8839, 8744, 8710, 8729, 8817, 8823, 8829, 8766, 8694, 8830, 8714, 8824, 8697, 8833, 8675, 8768, 
8784, 8786, 8641, 11044, 8646, 8659, 8663, 8653, 11057, 11043, 10008, 
8707, 8736, 8728, 8839, 8737, 8744, 8710, 8729, 8817, 8823, 8829, 8766, 8694, 8830, 8714, 8824, 8697, 8833, 8675, 8768, 8712, 
8784, 8786, 8641, 11044, 8646, 8659, 8663, 8653, 11057, 11043, 10008, 
8736, 8728, 8839, 8737, 8744, 8710, 8729, 8817, 8823, 8829, 8766, 8694, 8830, 8714, 8742, 8824, 8708, 8697, 8833, 8675, 8768, 8712, 
8784, 8786, 8641, 11044, 8646, 8659, 8663, 8653, 11057, 11043, 10008, 
8728, 8839, 8737, 8744, 8710, 8729, 8817, 8823, 8829, 8766, 8694, 8830, 8714, 8742, 8824, 8708, 8697, 8833, 8675, 8768, 8712, 
8784, 8786, 8641, 11044, 8646, 8659, 8663, 8653, 11057, 11043, 10008, 
8839, 8737, 8729, 8744, 8710, 8817, 8823, 8829, 8766, 8694, 8830, 8714, 8742, 8824, 8708, 8697, 8833, 8675, 8768, 8712, 
8784, 8786, 8641, 11044, 8646, 8659, 8663, 8653, 11057, 11043, 10008, 
8737, 8838, 8729, 8744, 8710, 8817, 8823, 8829, 8766, 8840, 8694, 8830, 8714, 8742, 8824, 8708, 8697, 8833, 8675, 8768, 8712, 
8784, 8786, 8641, 11044, 8646, 8659, 8663, 8653, 11057, 11043, 10008, 
8838, 8729, 8744, 8710, 8817, 8823, 8829, 8766, 8840, 8694, 8830, 8714, 8742, 8824, 8708, 8697, 8833, 8675, 8768, 8738, 8712, 
8784, 8786, 8641, 11044, 8646, 8659, 8663, 8653, 11057, 11043, 10008, 
8729, 8744, 8710, 8837, 8817, 8823, 8829, 8766, 8840, 8694, 8830, 8714, 8742, 3802, 8824, 8708, 8697, 8833, 8675, 8768, 8738, 8712, 
8784, 8786, 8641, 11044, 8646, 8659, 8663, 8653, 11057, 11043, 10008, 
8744, 8710, 8837, 8817, 8823, 8829, 8766, 8840, 8694, 8830, 8714, 8742, 3802, 8824, 8708, 8697, 8833, 8675, 8768, 8738, 8712, 
8784, 8786, 8641, 11044, 8646, 8659, 8663, 8653, 11057, 11043, 10008, 
8710, 8837, 8817, 8823, 8829, 8766, 8840, 8694, 8830, 8743, 8714, 8742, 3802, 8824, 8708, 8697, 8833, 8675, 8768, 8738, 8712, 
8784, 8786, 8641, 11044, 8646, 8659, 8663, 8653, 11057, 11043, 10008, 
8837, 8817, 8823, 8714, 8829, 8766, 8840, 8694, 8830, 8743, 8742, 3802, 8824, 8708, 8697, 8833, 8675, 8768, 8738, 8712, 
8784, 8786, 8641, 11044, 8646, 8659, 8663, 8653, 11057, 11043, 10008, 
8836, 8817, 8823, 8714, 8829, 8766, 8840, 8694, 8830, 8743, 8742, 3802, 8824, 8708, 8697, 8833, 8675, 8768, 8738, 8712, 
8784, 8786, 8641, 11044, 8646, 8659, 8663, 8653, 11057, 11043, 10008, 
8817, 8823, 8714, 8829, 8766, 8840, 8694, 8844, 8830, 8743, 8742, 3802, 8824, 8708, 8697, 8833, 8675, 8768, 8738, 8712, 
8784, 8786, 8641, 11044, 8646, 8659, 8663, 8653, 11057, 11043, 10008, 
8817, 8823, 8714, 8829, 8766, 8840, 8694, 8844, 8830, 8743, 8742, 3802, 8824, 8708, 8697, 8833, 8675, 8768, 8738, 8712, 
8786, 8641, 11044, 8646, 8783, 8659, 8663, 8653, 11057, 11043, 10008, 8664, 
8817, 8823, 8714, 8829, 8766, 8840, 8694, 8844, 8830, 8743, 8742, 3802, 8824, 8708, 8697, 8833, 8675, 8768, 8738, 8712, 
8641, 11044, 8646, 8783, 8659, 8663, 8653, 11057, 11043, 10008, 8787, 8793, 8664, 
8817, 8823, 8714, 8829, 8766, 8840, 8694, 8844, 8830, 8743, 8742, 3802, 8824, 8708, 8697, 8833, 8675, 8768, 8738, 8712, 
11044, 8654, 8646, 8783, 8659, 8663, 8653, 11057, 11043, 10008, 8642, 8787, 8793, 8664, 
8817, 8823, 8714, 8829, 8766, 8840, 8694, 8844, 8830, 8743, 8742, 3802, 8824, 8708, 8697, 8833, 8675, 8768, 8738, 8712, 
8654, 11043, 8646, 8783, 8659, 8663, 8653, 11057, 10024, 10008, 3770, 8642, 8787, 8793, 8664, 
8817, 8823, 8714, 8829, 8766, 8840, 8694, 8844, 8830, 8743, 8742, 3802, 8824, 8708, 8697, 8833, 8675, 8768, 8738, 8712, 
11043, 8646, 8783, 8655, 8659, 8653, 8663, 11057, 10024, 10008, 3770, 8642, 8787, 8793, 8664, 
8817, 8823, 8714, 8829, 8766, 8840, 8694, 8844, 8830, 8743, 8742, 3802, 8824, 8708, 8697, 8833, 8675, 8768, 8738, 8712, 
8646, 8783, 8655, 8659, 8653, 8663, 11057, 10024, 10008, 3770, 8642, 11042, 8787, 8793, 8664, 
8817, 8823, 8714, 8829, 8766, 8840, 8694, 8844, 8830, 8743, 8742, 3802, 8824, 8708, 8697, 8833, 8675, 8768, 8738, 8712, 
8783, 8655, 8659, 8653, 8663, 8642, 11057, 10024, 10008, 3770, 8645, 11042, 8787, 8793, 8664, 
8823, 8714, 8829, 8766, 8840, 8694, 8844, 8816, 8830, 8743, 8742, 3802, 8824, 8708, 8818, 8697, 8833, 8675, 8768, 8738, 8712, 
8783, 8655, 8659, 8653, 8663, 8642, 11057, 10024, 10008, 3770, 8645, 11042, 8787, 8793, 8664, 
8714, 8829, 8766, 8840, 8694, 8844, 8824, 8816, 8830, 8743, 8822, 8742, 3802, 8708, 8818, 8697, 8833, 8675, 8768, 8738, 8712, 
8783, 8655, 8659, 8653, 8663, 8642, 11057, 10024, 10008, 3770, 8645, 11042, 8787, 8793, 8664, 
8829, 8766, 8713, 8840, 8694, 8844, 8824, 8816, 8830, 8743, 8822, 8742, 3802, 8708, 8818, 8697, 8833, 8675, 8768, 8738, 8712, 
8783, 8655, 8659, 8653, 8663, 8642, 11057, 10024, 10008, 3770, 8645, 11042, 8787, 8793, 8664, 
8766, 8713, 8840, 8694, 8844, 8824, 8816, 8830, 8743, 8822, 8742, 3802, 8708, 8818, 8697, 8833, 8675, 8768, 8738, 8712, 
8783, 8655, 8659, 8653, 8663, 8642, 11057, 10024, 10008, 3770, 8645, 11042, 8787, 8793, 8664, 
8713, 8840, 8694, 8844, 8824, 8816, 8830, 8743, 8822, 8742, 3802, 8708, 8818, 8697, 8833, 8675, 8769, 8768, 8738, 8712, 
8783, 8655, 8659, 8653, 8663, 8642, 11057, 10024, 10008, 3770, 8645, 11042, 8787, 8793, 8664, 
8840, 8694, 8712, 8844, 8739, 8824, 8816, 8830, 8743, 8822, 8742, 3802, 8708, 8818, 8697, 8833, 8675, 8769, 8768, 8738, 
8783, 8655, 8659, 8653, 8663, 8642, 11057, 10024, 10008, 3770, 8645, 11042, 8787, 8793, 8664, 
8694, 8712, 8844, 8841, 8739, 8824, 8816, 8830, 8743, 8822, 8742, 3802, 8708, 8818, 8697, 8833, 8675, 8769, 8768, 8738, 
8783, 8655, 8659, 8653, 8663, 8642, 11057, 10024, 10008, 3770, 8645, 11042, 8787, 8793, 8664, 
8712, 8844, 8841, 8739, 8824, 8816, 8830, 8743, 8822, 8770, 8693, 8742, 3802, 8708, 8818, 8697, 8833, 8675, 8769, 8768, 8738, 
8783, 8655, 8659, 8653, 8663, 8642, 11057, 10024, 10008, 3770, 8645, 11042, 8787, 8793, 8664, 
8844, 8841, 8739, 8824, 8816, 8830, 8743, 8822, 8770, 8693, 8742, 3802, 8708, 8818, 8697, 8833, 8675, 8769, 8768, 8738, 
8783, 8655, 8659, 8653, 8663, 8642, 11057, 10024, 10008, 3770, 8645, 11042, 8787, 8793, 8664, 
8841, 8845, 8739, 8824, 8816, 8830, 8743, 8822, 8770, 8693, 8742, 3802, 8708, 8818, 8697, 8833, 8675, 8769, 8768, 8738, 
8783, 8655, 8659, 8653, 8663, 8642, 11057, 10024, 10008, 3770, 8645, 11042, 8787, 8793, 8664, 
8845, 8739, 8824, 3801, 8816, 8830, 8743, 8822, 8770, 8693, 8742, 3802, 8708, 8842, 8818, 8697, 8833, 8675, 8769, 8768, 8738, 
8783, 8655, 8659, 8653, 8663, 8642, 11057, 10024, 10008, 3770, 8645, 11042, 8787, 8793, 8664, 
8739, 8824, 3816, 3801, 8816, 8830, 8743, 8822, 8770, 8846, 8693, 8742, 3802, 8708, 8842, 8818, 8697, 8833, 8675, 8769, 8768, 8738, 
8783, 8655, 8659, 8653, 8663, 8642, 11057, 10024, 10008, 3770, 8645, 11042, 8787, 8793, 8664, 
8824, 3816, 3801, 8816, 8830, 8743, 8822, 8770, 8846, 8738, 8693, 8742, 3802, 8708, 8842, 8818, 8697, 8740, 8833, 8675, 8769, 8768, 
8783, 8655, 8659, 8653, 8663, 8642, 11057, 10024, 10008, 3770, 8645, 11042, 8787, 8793, 8664, 
3816, 3801, 8816, 8830, 8743, 8822, 8770, 8846, 8738, 8693, 8818, 8742, 3802, 8708, 8842, 8697, 8740, 8833, 8675, 8769, 8768, 
8783, 8655, 8659, 8653, 8663, 8642, 11057, 10024, 10008, 3770, 8645, 11042, 8787, 8793, 8664, 
3801, 8816, 8830, 8743, 8822, 3817, 8770, 8846, 8738, 8693, 8818, 8742, 3802, 8708, 8842, 8697, 8740, 8833, 8675, 8769, 8768, 
8783, 8655, 8659, 8653, 8663, 8642, 11057, 10024, 10008, 3770, 8645, 11042, 8787, 8793, 8664, 
8816, 8830, 8743, 8822, 3817, 8770, 8846, 8738, 8693, 8818, 8742, 3802, 8708, 8842, 8697, 8740, 8833, 8675, 8769, 8768, 
8783, 8655, 8659, 8653, 8663, 8642, 11057, 10024, 10008, 3770, 8645, 11042, 8787, 8793, 8664, 
8830, 8743, 8822, 3817, 8770, 8846, 8738, 8693, 8818, 8742, 3802, 8708, 8842, 8697, 8740, 8779, 8833, 8675, 8769, 8768, 
8783, 8655, 8659, 8653, 8663, 8642, 11057, 10024, 10008, 3770, 8645, 11042, 8787, 8793, 8664, 
8743, 8822, 3817, 8770, 8846, 8738, 8693, 8818, 8831, 8742, 3802, 8708, 8842, 8697, 8740, 8779, 8833, 8675, 8769, 8768, 
8783, 8655, 8659, 8653, 8663, 8642, 11057, 10024, 10008, 3770, 8645, 11042, 8787, 8793, 8664, 
8822, 3817, 8770, 8846, 8738, 8693, 8818, 8831, 8742, 3802, 8708, 8842, 8697, 8740, 8779, 8833, 8675, 8769, 8768, 
8783, 8655, 8659, 8653, 8663, 8642, 11057, 10024, 10008, 3770, 8645, 11042, 8787, 8793, 8664, 
3817, 8770, 8846, 8738, 8693, 8818, 8831, 8821, 8742, 3802, 8708, 8842, 8697, 8740, 8779, 8833, 8675, 8769, 8768, 
8783, 8655, 8659, 8653, 8663, 8642, 11057, 10024, 10008, 3770, 8645, 11042, 8787, 8793, 8664, 
8770, 3818, 8846, 8738, 8693, 8818, 8831, 8821, 8742, 8811, 3802, 8708, 8842, 8697, 8740, 8779, 8833, 8675, 8769, 8768, 
8783, 8655, 8659, 8653, 8663, 8642, 11057, 10024, 10008, 3770, 8645, 11042, 8787, 8793, 8664, 
3818, 8846, 8769, 8738, 8693, 8818, 8771, 8831, 8821, 8742, 8811, 3802, 8708, 8842, 8697, 8740, 8779, 8833, 8675, 8768, 
8783, 8655, 8659, 8653, 8663, 8642, 11057, 10024, 10008, 3770, 8645, 11042, 8787, 8793, 8664, 
8804, 8846, 8769, 8738, 8693, 8818, 8771, 8831, 8821, 8742, 8811, 3802, 8708, 8842, 8697, 8740, 8779, 8833, 8675, 8768, 
8783, 8655, 8659, 8653, 8663, 8642, 11057, 10024, 10008, 3770, 8645, 11042, 8787, 8793, 8664, 
8804, 8846, 8769, 8738, 8693, 8818, 8771, 8831, 8821, 8742, 8811, 3802, 8708, 8842, 8697, 8740, 8779, 8833, 8675, 8768, 
8655, 8659, 8653, 8663, 8642, 11057, 10024, 8782, 10008, 3770, 8645, 11042, 8787, 8793, 8664, 
8804, 8846, 8769, 8738, 8693, 8818, 8771, 8831, 8821, 8742, 8811, 3802, 8708, 8842, 8697, 8740, 8779, 8833, 8675, 8768, 
8656, 8659, 8653, 8663, 8642, 11057, 10024, 8639, 8782, 10008, 3770, 8645, 11042, 8787, 8793, 8664, 
8804, 8846, 8769, 8738, 8693, 8818, 8771, 8831, 8821, 8742, 8811, 3802, 8708, 8842, 8697, 8740, 8779, 8833, 8675, 8768, 
8659, 8653, 8663, 8630, 8642, 8657, 11057, 10024, 8639, 8782, 10008, 3770, 8645, 11042, 8787, 8793, 8664, 
8804, 8846, 8769, 8738, 8693, 8818, 8771, 8831, 8821, 8742, 8811, 3802, 8708, 8842, 8697, 8740, 8779, 8833, 8675, 8768, 
8653, 8663, 8658, 8630, 8642, 8657, 11057, 10024, 8639, 8782, 10008, 3770, 8645, 11042, 8787, 8793, 8664, 
8804, 8846, 8769, 8738, 8693, 8818, 8771, 8831, 8821, 8742, 8811, 3802, 8708, 8842, 8697, 8740, 8779, 8833, 8675, 8768, 
8663, 8658, 8630, 8642, 8657, 11057, 10024, 8639, 8782, 10008, 3770, 8645, 11042, 8787, 8793, 8664, 
8804, 8846, 8769, 8738, 8693, 8818, 8771, 8831, 8821, 8742, 8811, 3802, 8708, 8842, 8697, 8740, 8779, 8833, 8675, 8768, 
8658, 8630, 8642, 8657, 11057, 10024, 8664, 8639, 8782, 10008, 3770, 8645, 11042, 8787, 8793, 
8804, 8846, 8769, 8738, 8693, 8818, 8771, 8831, 8821, 8742, 8811, 3802, 8708, 8842, 8697, 8740, 8779, 8833, 8675, 8768, 
8630, 8642, 8657, 11057, 10024, 8664, 8639, 8782, 10008, 3770, 8645, 11042, 8787, 8793, 
8804, 8846, 8769, 8738, 8693, 8818, 8771, 8831, 8821, 8742, 8811, 3802, 8708, 8842, 8697, 8740, 8779, 8833, 8675, 8768, 
8642, 8657, 11057, 10024, 8664, 8637, 8639, 8782, 10008, 8631, 3770, 8645, 11042, 8787, 8793, 
8804, 8846, 8769, 8738, 8693, 8818, 8771, 8831, 8821, 8742, 8811, 3802, 8708, 8842, 8697, 8740, 8779, 8833, 8675, 8768, 
8657, 11057, 10024, 8664, 8637, 8638, 8639, 8782, 10008, 8631, 3770, 8645, 11042, 8787, 8793, 
8804, 8846, 8769, 8738, 8693, 8818, 8771, 8831, 8821, 8742, 8811, 3802, 8708, 8842, 8697, 8740, 8779, 8833, 8675, 8768, 
11057, 10024, 8664, 8637, 8638, 8639, 8782, 10008, 8631, 3770, 8645, 11042, 8787, 8793, 
8804, 8846, 8769, 8738, 8693, 8818, 8771, 8831, 8821, 8742, 8811, 3802, 8708, 8842, 8697, 8740, 8779, 8833, 8675, 8768, 
10024, 8664, 8637, 8638, 8639, 8782, 10008, 8631, 3770, 11058, 8645, 11042, 8787, 8793, 
8804, 8846, 8769, 8738, 8693, 8818, 8771, 8831, 8821, 8742, 8811, 3802, 8708, 8842, 8697, 8740, 8779, 8833, 8675, 8768, 
8664, 8637, 11041, 8638, 8639, 8782, 10008, 8631, 3770, 11058, 10025, 8645, 11042, 8787, 8793, 
8804, 8846, 8769, 8738, 8693, 8818, 8771, 8831, 8821, 8742, 8811, 3802, 8708, 8842, 8697, 8740, 8779, 8833, 8675, 8768, 
8637, 11041, 8638, 8639, 8782, 10008, 8631, 3770, 11058, 10025, 8645, 11042, 8787, 8793, 8628, 
8804, 8846, 8769, 8738, 8693, 8818, 8771, 8831, 8821, 8742, 8811, 3802, 8708, 8842, 8697, 8740, 8779, 8833, 8675, 8768, 
11041, 8638, 8639, 8782, 10008, 8631, 3770, 11058, 8636, 10025, 8645, 11042, 8787, 8793, 8628, 
8804, 8846, 8769, 8738, 8693, 8818, 8771, 8831, 8821, 8742, 8811, 3802, 8708, 8842, 8697, 8740, 8779, 8833, 8675, 8768, 
8638, 8639, 8782, 11042, 10008, 8631, 3770, 11040, 11058, 8636, 10025, 8645, 8787, 8793, 8628, 
8804, 8846, 8769, 8738, 8693, 8818, 8771, 8831, 8821, 8742, 8811, 3802, 8708, 8842, 8697, 8740, 8779, 8833, 8675, 8768, 
8639, 8782, 11042, 10008, 8631, 3770, 11040, 11058, 8634, 8636, 10025, 8645, 8787, 8793, 8628, 
8804, 8846, 8769, 8738, 8693, 8818, 8771, 8831, 8821, 8742, 8811, 3802, 8708, 8842, 8697, 8740, 8779, 8833, 8675, 8768, 
8782, 11042, 10008, 8631, 3770, 11040, 11058, 8634, 8636, 10025, 8645, 8787, 8793, 8628, 
8846, 8769, 8738, 8693, 8805, 8818, 8809, 8771, 8831, 8821, 8742, 8811, 3802, 8708, 8803, 8842, 8697, 8740, 8779, 8833, 8675, 8768, 
8782, 11042, 10008, 8631, 3770, 11040, 11058, 8634, 8636, 10025, 8645, 8787, 8793, 8628, 
8769, 8738, 8693, 8805, 8818, 8809, 8771, 8831, 8821, 8742, 8811, 3802, 8708, 8803, 8842, 8847, 8697, 8740, 8779, 8833, 8675, 8768, 
8782, 11042, 10008, 8631, 3770, 11040, 11058, 8634, 8636, 10025, 8645, 8787, 8793, 8628, 
8738, 8693, 8805, 8818, 8809, 8771, 8831, 8821, 8742, 8811, 3802, 8708, 8803, 8842, 8847, 8697, 8740, 8779, 8833, 8675, 8768, 
8782, 11042, 10008, 8631, 3770, 11040, 11058, 8634, 8636, 10025, 8645, 8787, 8793, 8628, 
8693, 8805, 8818, 8809, 8771, 8831, 8821, 8742, 8811, 3802, 8708, 8803, 8842, 8847, 8697, 8740, 8779, 8833, 8675, 8768, 
8782, 11042, 10008, 8631, 3770, 11040, 11058, 8634, 8636, 10025, 8645, 8787, 8793, 8628, 
8805, 8818, 8809, 8771, 8831, 8821, 8692, 8742, 8811, 3802, 8708, 8803, 8842, 8847, 8697, 8689, 8740, 8779, 8833, 8675, 8768, 
8782, 11042, 10008, 8631, 3770, 11040, 11058, 8634, 8636, 10025, 8645, 8787, 8793, 8628, 
8818, 8809, 8771, 8806, 8831, 8821, 8692, 8742, 8811, 3802, 8708, 8803, 8842, 8847, 8697, 8689, 8740, 8779, 8833, 8675, 8768, 
8782, 11042, 10008, 8631, 3770, 11040, 11058, 8634, 8636, 10025, 8645, 8787, 8793, 8628, 
8809, 8771, 8806, 8831, 8821, 8692, 8742, 8811, 3802, 8708, 8803, 8842, 8819, 8847, 8697, 8689, 8740, 8779, 8833, 8675, 8768, 
8782, 11042, 10008, 8631, 3770, 11040, 11058, 8634, 8636, 10025, 8645, 8787, 8793, 8628, 
8771, 8806, 8831, 8821, 8692, 8742, 8811, 3802, 8708, 8803, 8842, 8810, 8819, 8847, 8697, 8689, 8740, 8779, 8833, 8675, 8768, 
8782, 11042, 10008, 8631, 3770, 11040, 11058, 8634, 8636, 10025, 8645, 8787, 8793, 8628, 
8772, 8806, 8831, 8821, 8692, 8742, 8811, 3802, 8708, 8803, 8842, 8810, 8819, 8847, 8697, 8689, 8740, 8779, 8833, 8675, 8768, 
8782, 11042, 10008, 8631, 3770, 11040, 11058, 8634, 8636, 10025, 8645, 8787, 8793, 8628, 
8806, 8670, 8831, 8821, 8692, 8742, 8811, 3802, 8773, 8708, 8803, 8842, 8810, 8819, 8847, 8697, 8689, 8740, 8779, 8833, 8675, 8768, 
8782, 11042, 10008, 8631, 3770, 11040, 11058, 8634, 8636, 10025, 8645, 8787, 8793, 8628, 
8806, 8670, 8831, 8821, 8692, 8742, 8811, 3802, 8773, 8708, 8803, 8842, 8810, 8819, 8847, 8697, 8689, 8740, 8779, 8833, 8675, 8768, 
11042, 10008, 8631, 3770, 8781, 11040, 11058, 8634, 8667, 8636, 10025, 8645, 8787, 8793, 8628, 
8806, 8670, 8831, 8821, 8692, 8742, 8811, 3802, 8773, 8708, 8803, 8842, 8810, 8819, 8847, 8697, 8689, 8740, 8779, 8833, 8675, 8768, 
10008, 8631, 11033, 3770, 8781, 11040, 11058, 8634, 8667, 8636, 10025, 8645, 8787, 8793, 8628, 
8806, 8670, 8831, 8821, 8692, 8742, 8811, 3802, 8773, 8708, 8803, 8842, 8810, 8819, 8847, 8697, 8689, 8740, 8779, 8833, 8675, 8768, 
8631, 11033, 3770, 8781, 10007, 10009, 11040, 11058, 8634, 8667, 8636, 10025, 8645, 8787, 8793, 8628, 
8806, 8670, 8831, 8821, 8692, 8742, 8811, 3802, 8773, 8708, 8803, 8842, 8810, 8819, 8847, 8697, 8689, 8740, 8779, 8833, 8675, 8768, 
11033, 3770, 8781, 10007, 10009, 11040, 11058, 8634, 8667, 8636, 8632, 10025, 8645, 8633, 8787, 8793, 8628, 
8806, 8670, 8831, 8821, 8692, 8742, 8811, 3802, 8773, 8708, 8803, 8842, 8810, 8819, 8847, 8697, 8689, 8740, 8779, 8833, 8675, 8768, 
3770, 8781, 10007, 10009, 11040, 11058, 8634, 8667, 8636, 11034, 8632, 10025, 8645, 8633, 11036, 8787, 8793, 8628, 
8806, 8670, 8831, 8821, 8692, 8742, 8811, 3802, 8773, 8708, 8803, 8842, 8810, 8819, 8847, 8697, 8689, 8740, 8779, 8833, 8675, 8768, 
8781, 10007, 10009, 11040, 11058, 8634, 3769, 8667, 8636, 11034, 8632, 10025, 8645, 8633, 11036, 8787, 8793, 8628, 
8670, 8807, 8831, 8821, 8692, 8742, 8811, 3802, 8773, 8708, 8803, 8842, 8810, 8819, 8847, 8697, 8689, 8740, 8779, 8833, 8675, 8768, 
8781, 10007, 10009, 11040, 11058, 8634, 3769, 8667, 8636, 11034, 8632, 10025, 8645, 8633, 11036, 8787, 8793, 8628, 
8807, 8775, 8831, 8821, 8692, 8742, 8811, 3802, 8773, 8708, 8803, 8842, 8669, 8810, 8819, 8847, 8697, 8689, 8740, 8779, 8833, 8675, 8768, 
8781, 10007, 10009, 11040, 11058, 8634, 3769, 8667, 8636, 11034, 8632, 10025, 8645, 8633, 11036, 8787, 8793, 8628, 
8775, 8831, 8821, 8692, 8742, 8811, 8799, 3802, 8773, 8708, 8803, 8842, 8669, 8810, 8819, 8847, 8788, 8697, 8689, 8740, 8779, 8833, 8675, 8768, 8808, 
8781, 10007, 10009, 11040, 11058, 8634, 3769, 8667, 8636, 11034, 8632, 10025, 8645, 8633, 11036, 8787, 8793, 8628, 
8831, 8821, 8776, 8692, 8742, 8811, 8799, 3802, 8773, 8708, 8803, 8842, 8669, 8810, 8819, 8847, 8788, 8697, 8689, 8774, 8740, 8779, 8833, 8675, 8768, 8808, 
8781, 10007, 10009, 11040, 11058, 8634, 3769, 8667, 8636, 11034, 8632, 10025, 8645, 8633, 11036, 8787, 8793, 8628, 
8821, 8776, 8692, 8742, 8811, 8799, 8832, 3802, 8773, 8708, 8803, 8842, 8669, 8810, 8819, 8847, 8788, 8697, 8689, 8774, 8740, 8779, 8833, 8675, 8768, 8808, 
8781, 10007, 10009, 11040, 11058, 8634, 3769, 8667, 8636, 11034, 8632, 10025, 8645, 8633, 11036, 8787, 8793, 8628, 
8776, 8692, 8742, 8811, 8820, 8799, 8832, 3802, 8773, 8708, 8803, 8842, 8669, 8810, 8819, 8847, 8788, 8697, 8689, 8774, 8740, 8779, 8833, 8675, 8768, 8808, 
8781, 10007, 10009, 11040, 11058, 8634, 3769, 8667, 8636, 11034, 8632, 10025, 8645, 8633, 11036, 8787, 8793, 8628, 
8777, 8692, 8742, 8811, 8820, 8799, 8832, 8668, 3802, 8773, 8708, 8803, 8842, 8669, 8810, 8819, 8847, 8788, 8697, 8689, 8774, 8740, 8779, 8833, 8675, 8768, 8808, 
8781, 10007, 10009, 11040, 11058, 8634, 3769, 8667, 8636, 11034, 8632, 10025, 8645, 8633, 11036, 8787, 8793, 8628, 
8692, 8742, 8811, 8820, 8799, 8778, 8832, 8668, 3802, 8773, 8708, 8803, 8842, 8669, 8810, 8819, 8847, 8788, 8697, 8689, 8774, 8740, 8676, 8779, 8833, 8675, 8768, 8808, 
8781, 10007, 10009, 11040, 11058, 8634, 3769, 8667, 8636, 11034, 8632, 10025, 8645, 8633, 11036, 8787, 8793, 8628, 
8742, 8811, 8820, 8799, 8778, 8832, 8668, 3802, 8773, 8708, 8803, 8842, 8669, 8810, 8819, 8847, 8788, 8691, 8697, 8689, 8774, 8740, 8676, 8779, 8833, 8675, 8768, 8808, 
8781, 10007, 10009, 11040, 11058, 8634, 3769, 8667, 8636, 11034, 8632, 10025, 8645, 8633, 11036, 8787, 8793, 8628, 
8811, 8820, 8799, 8778, 8832, 8741, 8668, 3802, 8773, 8708, 8803, 8842, 8669, 8810, 8819, 8847, 8788, 8691, 8697, 8689, 8774, 8740, 8676, 8779, 8833, 8675, 8768, 8808, 
8781, 10007, 10009, 11040, 11058, 8634, 3769, 8667, 8636, 11034, 8632, 10025, 8645, 8633, 11036, 8787, 8793, 8628, 
8820, 8799, 8778, 8832, 8741, 8668, 3802, 8773, 8708, 8803, 8842, 8669, 8810, 8819, 8847, 8788, 8691, 8697, 8689, 8774, 8740, 8676, 8779, 8833, 8675, 8768, 8812, 3807, 8808, 
8781, 10007, 10009, 11040, 11058, 8634, 3769, 8667, 8636, 11034, 8632, 10025, 8645, 8633, 11036, 8787, 8793, 8628, 
8819, 8799, 8778, 8832, 8741, 8668, 3802, 8773, 8708, 8803, 8842, 8669, 8810, 8847, 8788, 8691, 8697, 8689, 8774, 8740, 8676, 8779, 8833, 8675, 8768, 8812, 3807, 8808, 
8781, 10007, 10009, 11040, 11058, 8634, 3769, 8667, 8636, 11034, 8632, 10025, 8645, 8633, 11036, 8787, 8793, 8628, 
8799, 8778, 8832, 8741, 8668, 3802, 8773, 8708, 8803, 8842, 8669, 8810, 8847, 8788, 8691, 8697, 8689, 8774, 8740, 8676, 8779, 8833, 8675, 8768, 8812, 3807, 8808, 
8781, 10007, 10009, 11040, 11058, 8634, 3769, 8667, 8636, 11034, 8632, 10025, 8645, 8633, 11036, 8787, 8793, 8628, 
8800, 8778, 8832, 8741, 8668, 3802, 8773, 8708, 8803, 8842, 8798, 8669, 8810, 8847, 8788, 8691, 8697, 8689, 8774, 8740, 8676, 8779, 8833, 8675, 8768, 8812, 3807, 8808, 
8781, 10007, 10009, 11040, 11058, 8634, 3769, 8667, 8636, 11034, 8632, 10025, 8645, 8633, 11036, 8787, 8793, 8628, 
8778, 8832, 8741, 8668, 3802, 8773, 8708, 8803, 8842, 8798, 8669, 8810, 8847, 8788, 8691, 8697, 8689, 8774, 8740, 8801, 8676, 8779, 8833, 8675, 8768, 8812, 3807, 8808, 
8781, 10007, 10009, 11040, 11058, 8634, 3769, 8667, 8636, 11034, 8632, 10025, 8645, 8633, 11036, 8787, 8793, 8628, 
8832, 8741, 8668, 3802, 8773, 8708, 8779, 8803, 8842, 8798, 8669, 8810, 8847, 8788, 8691, 8697, 8689, 8774, 8740, 8801, 8676, 8833, 8675, 8768, 8812, 3807, 8808, 
8781, 10007, 10009, 11040, 11058, 8634, 3769, 8667, 8636, 11034, 8632, 10025, 8645, 8633, 11036, 8787, 8793, 8628, 
8833, 8741, 8668, 3802, 8773, 8708, 8779, 8803, 8842, 8798, 8669, 8810, 8847, 8788, 8691, 8697, 8689, 8774, 8740, 8801, 8676, 8675, 8768, 8812, 3807, 8808, 
8781, 10007, 10009, 11040, 11058, 8634, 3769, 8667, 8636, 11034, 8632, 10025, 8645, 8633, 11036, 8787, 8793, 8628, 
8741, 8668, 3802, 8773, 8708, 8779, 8803, 8842, 8798, 8669, 8810, 8847, 8788, 8834, 8691, 8697, 8689, 8774, 8740, 8801, 8676, 8675, 8768, 8812, 3807, 8808, 
8781, 10007, 10009, 11040, 11058, 8634, 3769, 8667, 8636, 11034, 8632, 10025, 8645, 8633, 11036, 8787, 8793, 8628, 
8668, 3802, 8773, 8708, 8779, 8803, 8740, 8842, 8798, 8669, 8810, 8847, 8788, 8834, 8691, 8697, 8689, 8774, 8801, 8676, 8675, 8768, 8812, 3807, 8808, 
8781, 10007, 10009, 11040, 11058, 8634, 3769, 8667, 8636, 11034, 8632, 10025, 8645, 8633, 11036, 8787, 8793, 8628, 
3802, 8773, 8708, 8779, 8803, 8740, 8842, 8798, 8669, 8810, 8847, 8788, 8834, 8691, 8697, 8689, 8774, 8801, 8676, 8675, 8768, 8812, 3807, 8808, 
8781, 10007, 10009, 11040, 11058, 8634, 3769, 8667, 8636, 11034, 8632, 10025, 8645, 8633, 11036, 8787, 8793, 8628, 
8773, 8708, 8779, 8835, 8803, 8740, 8842, 8798, 8669, 8810, 8847, 8788, 8834, 8691, 8697, 8689, 8774, 8801, 8676, 8675, 8768, 8812, 3807, 8808, 
8781, 10007, 10009, 11040, 11058, 8634, 3769, 8667, 8636, 11034, 8632, 10025, 8645, 8633, 11036, 8787, 8793, 8628, 
8708, 8779, 8835, 8803, 8740, 8842, 8798, 8774, 8669, 8810, 8847, 8788, 8834, 8691, 8697, 8689, 8801, 8676, 8675, 8768, 8812, 3807, 8808, 
8781, 10007, 10009, 11040, 11058, 8634, 3769, 8667, 8636, 11034, 8632, 10025, 8645, 8633, 11036, 8787, 8793, 8628, 
8779, 8835, 8803, 8740, 8842, 8798, 8774, 8669, 8810, 8847, 8788, 8834, 8691, 8697, 8689, 8801, 8709, 8676, 8675, 8768, 8812, 3807, 8808, 
8781, 10007, 10009, 11040, 11058, 8634, 3769, 8667, 8636, 11034, 8632, 10025, 8645, 8633, 11036, 8787, 8793, 8628, 
8835, 8803, 8740, 8842, 8798, 8780, 8774, 8669, 8810, 8847, 8788, 8834, 8691, 8697, 8689, 8801, 8709, 8676, 8675, 8768, 8812, 3807, 8808, 
8781, 10007, 10009, 11040, 11058, 8634, 3769, 8667, 8636, 11034, 8632, 10025, 8645, 8633, 11036, 8787, 8793, 8628, 
8803, 8740, 8842, 8798, 8780, 8774, 8669, 8810, 8847, 8788, 8834, 8691, 8697, 8689, 8801, 8709, 8676, 8675, 8768, 8812, 3807, 8808, 
8781, 10007, 10009, 11040, 11058, 8634, 3769, 8667, 8636, 11034, 8632, 10025, 8645, 8633, 11036, 8787, 8793, 8628, 
8740, 8842, 8798, 8780, 8774, 8669, 8810, 8847, 8788, 8834, 8691, 8697, 8689, 8801, 8709, 8676, 8802, 8675, 8768, 3821, 8812, 3807, 8808, 
8781, 10007, 10009, 11040, 11058, 8634, 3769, 8667, 8636, 11034, 8632, 10025, 8645, 8633, 11036, 8787, 8793, 8628, 
8842, 8798, 8780, 8774, 8669, 8810, 8847, 8788, 8834, 8691, 8697, 8689, 8801, 8709, 8676, 8802, 8675, 8768, 3821, 8812, 3807, 8808, 
8781, 10007, 10009, 11040, 11058, 8634, 3769, 8667, 8636, 11034, 8632, 10025, 8645, 8633, 11036, 8787, 8793, 8628, 
8798, 8780, 8774, 8843, 8669, 8810, 8847, 8788, 8834, 8691, 8697, 8689, 8801, 8709, 8676, 8802, 8675, 8768, 3821, 8812, 3807, 8808, 
8781, 10007, 10009, 11040, 11058, 8634, 3769, 8667, 8636, 11034, 8632, 10025, 8645, 8633, 11036, 8787, 8793, 8628, 
8780, 8774, 8843, 8669, 8797, 8810, 8847, 8788, 8834, 8691, 8697, 8689, 8801, 8709, 8676, 8802, 8675, 8768, 3821, 8812, 3807, 8808, 8791, 
8781, 10007, 10009, 11040, 11058, 8634, 3769, 8667, 8636, 11034, 8632, 10025, 8645, 8633, 11036, 8787, 8793, 8628, 
8774, 8781, 8843, 8669, 8797, 8810, 8847, 8788, 8834, 8691, 8697, 8689, 8801, 8709, 8676, 8802, 8675, 8768, 3821, 8812, 3807, 8808, 8791, 
8781, 10007, 10009, 11040, 11058, 8634, 3769, 8667, 8636, 11034, 8632, 10025, 8645, 8633, 11036, 8787, 8793, 8628, 
